4.506111145019531
5.935192108154297
23.684024810791016
4.209995269775391
3.459930419921875
15.578031539916992
8.212089538574219
6.828069686889648
7.709026336669922
11.638879776000977
4.145145416259766
4.641056060791016
3.6809444427490234
9.856939315795898
3.5469532012939453
16.515016555786133
53.869009017944336
7.902860641479492
3.905057907104492
2.928018569946289
9.518146514892578
4.652976989746094
7.010936737060547
3.442049026489258
7.143974304199219
7.175922393798828
7.029056549072266
6.45899772644043
3.2351016998291016
31.21018409729004
7.967948913574219
3.309011459350586
4.279851913452148
4.724025726318359
7.135152816772461
2.930879592895508
7.216930389404297
3.4520626068115234
12.346982955932617
9.324073791503906
3.8590431213378906
3.6890506744384766
5.410909652709961
4.0760040283203125
5.788087844848633
3.095865249633789
13.26894760131836
9.0179443359375
4.22215461730957
7.230043411254883
5.150794982910156
14.0380859375
6.484031677246094
3.5440921783447266
4.889965057373047
7.591962814331055
9.681224822998047
22.476911544799805
3.9339065551757812
8.530139923095703
10.618925094604492
7.433176040649414
3.468036651611328
7.524967193603516
3.818035125732422
54.70395088195801
3.943920135498047
4.878044128417969
17.809152603149414
8.577823638916016
6.615877151489258
8.773088455200195
3.6649703979492188
21.54397964477539
4.637002944946289
26.67403221130371
8.465051651000977
3.6110877990722656
4.005193710327148
11.10696792602539
3.741025924682617
9.911060333251953
12.327194213867188
4.7760009765625
4.539012908935547
13.454198837280273
8.108139038085938
4.7550201416015625
6.663084030151367
12.456178665161133
5.595922470092773
3.010988235473633
5.792140960693359
12.67695426940918
8.265972137451172
3.6590099334716797
14.618873596191406
5.979061126708984
3.8208961486816406
4.708051681518555
16.98589324951172
3.798961639404297
7.003068923950195
14.760971069335938
4.200935363769531
4.152059555053711
3.810882568359375
10.133981704711914
4.643917083740234
7.5588226318359375
52.04296112060547
3.5860538482666016
5.683183670043945
6.867170333862305
7.591009140014648
7.304906845092773
5.465984344482422
7.232904434204102
2.8171539306640625
13.96489143371582
7.930994033813477
3.425121307373047
8.089065551757812
6.324052810668945
8.870124816894531
5.212068557739258
7.35783576965332
7.109880447387695
8.327007293701172
5.7621002197265625
11.35396957397461
4.318952560424805
5.915164947509766
9.537935256958008
8.616924285888672
27.307987213134766
4.120826721191406
13.63682746887207
4.39906120300293
3.899812698364258
8.401870727539062
4.173994064331055
8.067846298217773
10.815858840942383
11.407136917114258
7.75599479675293
9.680032730102539
2.9299259185791016
9.904146194458008
3.298044204711914
8.145809173583984
7.277011871337891
8.194923400878906
11.753082275390625
10.310173034667969
5.447864532470703
4.9648284912109375
3.239154815673828
3.6840438842773438
5.421161651611328
9.181976318359375
5.731105804443359
7.0400238037109375
23.630142211914062
3.3791065216064453
5.3730010986328125
10.443925857543945
35.21108627319336
3.158092498779297
6.928920745849609
7.044792175292969
16.196012496948242
18.347978591918945
16.521930694580078
5.867958068847656
3.4990310668945312
16.23988151550293
5.223989486694336
8.077859878540039
7.441997528076172
9.61613655090332
8.144140243530273
7.12895393371582
13.72218132019043
8.484840393066406
7.91478157043457
10.619878768920898
13.695955276489258
3.9768218994140625
11.739969253540039
4.202842712402344
7.4291229248046875
5.353212356567383
7.361888885498047
3.5948753356933594
10.137081146240234
10.946035385131836
7.336139678955078
14.326095581054688
6.438016891479492
5.727052688598633
9.100914001464844
7.308006286621094
9.480953216552734
3.2930374145507812
3.268003463745117
4.034996032714844
3.785848617553711
2.827882766723633
12.50004768371582
4.142999649047852
16.344070434570312
3.9730072021484375
6.766080856323242
10.471105575561523
3.5588741302490234
3.1821727752685547
3.1020641326904297
5.846977233886719
7.765054702758789
3.3218860626220703
8.203983306884766
3.2868385314941406
6.0520172119140625
5.285024642944336
3.0641555786132812
24.909019470214844
6.902933120727539
7.016897201538086
4.283905029296875
4.920005798339844
6.710052490234375
29.83689308166504
23.26512336730957
7.014989852905273
3.3562183380126953
5.409002304077148
5.454063415527344
3.1070709228515625
3.3562183380126953
5.686044692993164
7.105112075805664
3.41796875
3.350973129272461
6.0977935791015625
3.9360523223876953
6.648778915405273
9.433984756469727
5.217075347900391
3.765106201171875
5.592823028564453
7.168054580688477
7.131099700927734
20.654916763305664
17.058134078979492
10.135889053344727
4.63104248046875
8.903980255126953
5.565881729125977
6.6509246826171875
4.813909530639648
10.837078094482422
9.159088134765625
7.735967636108398
7.594823837280273
5.414009094238281
9.301185607910156
8.166074752807617
15.748977661132812
4.905223846435547
8.682966232299805
7.048845291137695
11.087894439697266
3.8840770721435547
11.835098266601562
5.50389289855957
3.4780502319335938
10.888099670410156
13.406991958618164
9.538888931274414
8.92496109008789
5.202054977416992
9.651899337768555
17.60101318359375
3.9801597595214844
7.950067520141602
10.75601577758789
5.674123764038086
4.174947738647461
7.1468353271484375
10.447025299072266
4.234075546264648
4.601001739501953
11.777162551879883
15.501976013183594
3.79180908203125
8.476972579956055
5.63812255859375
4.239082336425781
16.031980514526367
13.757944107055664
7.246971130371094
26.678085327148438
6.163835525512695
3.4918785095214844
6.016016006469727
3.6499500274658203
3.0739307403564453
3.3969879150390625
6.246089935302734
3.6411285400390625
8.640050888061523
7.04503059387207
3.551959991455078
7.283926010131836
6.875038146972656
4.405975341796875
33.393144607543945
15.646934509277344
6.27899169921875
14.76907730102539
17.42100715637207
4.559040069580078
5.567073822021484
8.606195449829102
5.291938781738281
9.425163269042969
3.4461021423339844
6.560802459716797
3.4050941467285156
10.64300537109375
6.972074508666992
3.6611557006835938
6.517887115478516
8.088111877441406
5.483865737915039
7.030010223388672
3.512144088745117
3.776073455810547
7.1010589599609375
7.223844528198242
3.3860206604003906
4.723072052001953
4.231929779052734
3.398895263671875
2.804994583129883
5.5789947509765625
5.64885139465332
3.3631324768066406
3.309965133666992
18.220186233520508
3.6699771881103516
3.036022186279297
23.288965225219727
31.042098999023438
12.645959854125977
15.516042709350586
8.893013000488281
12.236833572387695
3.0159950256347656
6.479978561401367
5.728960037231445
5.978822708129883
7.619142532348633
3.1261444091796875
6.165027618408203
10.961055755615234
9.407997131347656
9.35506820678711
8.878946304321289
7.441997528076172
2.9718875885009766
25.45905113220215
7.36689567565918
3.3919811248779297
3.4339427947998047
10.725975036621094
4.660129547119141
5.668163299560547
3.0961036682128906
6.838083267211914
12.024879455566406
10.755062103271484
9.465932846069336
4.0531158447265625
3.8750171661376953
3.2629966735839844
11.631011962890625
9.164810180664062
3.0798912048339844
6.072998046875
5.403995513916016
10.119199752807617
15.899896621704102
4.626989364624023
2.836942672729492
10.296106338500977
8.702993392944336
11.349916458129883
3.5059452056884766
6.069183349609375
4.528045654296875
10.709047317504883
10.598897933959961
3.434896469116211
9.166955947875977
14.048099517822266
3.937959671020508
8.125066757202148
21.944046020507812
6.808996200561523
7.385015487670898
8.780956268310547
4.909038543701172
6.1359405517578125
5.149126052856445
10.166168212890625
3.7457942962646484
6.669044494628906
6.837129592895508
5.843162536621094
8.018016815185547
4.060983657836914
7.327079772949219
3.526926040649414
3.2258033752441406
5.641937255859375
12.292861938476562
3.4418106079101562
16.865968704223633
11.597871780395508
3.7670135498046875
3.1299591064453125
5.6819915771484375
9.432077407836914
4.760980606079102
7.4291229248046875
6.903171539306641
4.148006439208984
4.150152206420898
10.131120681762695
5.444049835205078
7.776975631713867
3.876924514770508
11.013984680175781
8.726119995117188
10.837078094482422
14.556884765625
12.32600212097168
3.5600662231445312
12.579917907714844
4.019021987915039
4.050016403198242
4.0760040283203125
3.4580230712890625
12.932777404785156
14.647960662841797
4.200935363769531
22.741079330444336
8.681058883666992
3.947019577026367
3.371000289916992
9.44209098815918
3.426074981689453
11.19089126586914
13.522148132324219
7.8411102294921875
17.225980758666992
4.909038543701172
6.256818771362305
4.087924957275391
3.031015396118164
3.442049026489258
7.2841644287109375
6.588935852050781
17.54903793334961
11.065959930419922
4.686117172241211
6.902933120727539
8.182048797607422
6.814002990722656
5.861043930053711
8.005857467651367
6.389856338500977
5.913019180297852
6.7901611328125
3.345966339111328
