69.86498832702637
36.11612319946289
25.184154510498047
5.141019821166992
10.894060134887695
5.868196487426758
44.51894760131836
14.935016632080078
5.13911247253418
20.444154739379883
11.78884506225586
11.253833770751953
13.39101791381836
5.452871322631836
5.084991455078125
6.083011627197266
6.348848342895508
58.499813079833984
3.8299560546875
27.252912521362305
5.522966384887695
38.19990158081055
32.44495391845703
6.508111953735352
30.17711639404297
10.950803756713867
4.981040954589844
4.445791244506836
18.065929412841797
11.605978012084961
5.393028259277344
4.403114318847656
5.1708221435546875
7.565975189208984
5.631923675537109
5.290031433105469
15.842914581298828
7.726907730102539
11.636972427368164
5.580902099609375
4.389047622680664
31.258106231689453
31.552791595458984
6.318807601928711
12.244939804077148
6.086111068725586
9.859085083007812
30.493974685668945
24.27196502685547
16.83187484741211
14.338016510009766
127.68912315368652
5.933046340942383
9.935140609741211
10.673046112060547
12.478828430175781
4.246950149536133
41.04113578796387
36.82398796081543
4.913091659545898
6.134986877441406
16.08896255493164
19.13905143737793
6.181001663208008
40.79914093017578
97.61691093444824
4.480123519897461
5.218982696533203
14.047861099243164
21.97885513305664
10.22195816040039
34.57903861999512
5.082130432128906
12.710094451904297
10.426998138427734
5.081892013549805
3.959178924560547
5.350828170776367
12.312889099121094
13.372182846069336
8.623123168945312
40.9550666809082
126.07693672180176
23.689985275268555
20.325899124145508
22.8579044342041
36.518096923828125
75.18315315246582
28.57804298400879
3.887176513671875
4.756927490234375
62.741994857788086
58.097124099731445
7.105112075805664
15.480995178222656
4.493951797485352
52.082061767578125
29.026031494140625
8.183002471923828
18.5239315032959
6.616115570068359
21.600008010864258
8.64410400390625
25.25782585144043
9.428024291992188
24.260997772216797
22.21202850341797
15.754938125610352
16.061067581176758
13.238906860351562
13.497114181518555
20.60222625732422
10.54692268371582
50.02593994140625
12.378931045532227
3.921031951904297
13.818979263305664
44.25787925720215
19.761085510253906
18.35489273071289
14.56904411315918
6.735086441040039
21.072864532470703
7.496833801269531
19.520044326782227
14.98103141784668
6.1359405517578125
12.42208480834961
4.781961441040039
17.116069793701172
12.482881546020508
4.583120346069336
12.784957885742188
10.024070739746094
4.548072814941406
37.08386421203613
3.854990005493164
58.331966400146484
5.480051040649414
9.182929992675781
9.979009628295898
29.017925262451172
8.09478759765625
10.986089706420898
64.6219253540039
11.189937591552734
34.07788276672363
17.09914207458496
9.604930877685547
5.734920501708984
5.082845687866211
4.812955856323242
4.511117935180664
10.251045227050781
4.676103591918945
29.86001968383789
11.127948760986328
12.928962707519531
7.786035537719727
13.867855072021484
20.728111267089844
11.669158935546875
47.36804962158203
19.465923309326172
11.009931564331055
4.710197448730469
10.75601577758789
13.375043869018555
4.763126373291016
20.325899124145508
21.324872970581055
5.406856536865234
18.79096031188965
14.569997787475586
23.540973663330078
5.995035171508789
13.221025466918945
18.702030181884766
3.8449764251708984
12.181997299194336
5.315065383911133
26.12900733947754
6.1359405517578125
6.283998489379883
35.4158878326416
96.43197059631348
5.133152008056641
5.04612922668457
38.53797912597656
15.413999557495117
12.292861938476562
